[2. 2. 2. ... 6. 6. 6.]
(12202, 2235) (12202,)
(1525, 2235) (1525,)
(1525, 2235) (1525,)
(12202, 149, 15) (12202,)
(1525, 149, 15) (1525,)
(1525, 149, 15) (1525,)
(12202, 15, 149) (12202,)
(1525, 15, 149) (1525,)
(1525, 15, 149) (1525,)
Train on 12202 samples, validate on 1525 samples
12202/12202 - 15s - loss: 1.5757 - categorical_accuracy: 0.3548 - val_loss: 1.4784 - val_categorical_accuracy: 0.3810
1525/1525 - 1s
Confusion matrix, without normalization
[[127  34  46  13   0  34]
 [ 62  56  17 106   0  13]
 [ 53   5 135   4   0  57]
 [  9  24   2 206   0  13]
 [ 52  15  77  75   0  35]
 [ 51  20  53  51   0  80]]
Time taken to execute code: 25.306821344420314econds
