[2. 2. 2. ... 6. 6. 6.]
(20868, 5508) (20868,)
(2607, 5508) (2607,)
(2607, 5508) (2607,)
(20868, 153, 36) (20868,)
(2607, 153, 36) (2607,)
(2607, 153, 36) (2607,)
(20868, 36, 153) (20868,)
(2607, 36, 153) (2607,)
(2607, 36, 153) (2607,)
Train on 20868 samples, validate on 2607 samples
20868/20868 - 62s - loss: 1.3240 - categorical_accuracy: 0.4870 - val_loss: 1.1368 - val_categorical_accuracy: 0.5585
2607/2607 - 2s
Confusion matrix, without normalization
[[217  23  53   3   6  65   5]
 [ 52 147  27  76  16  35  19]
 [ 55   1 254   2   4  45  12]
 [ 13  31   8 263  10  39   8]
 [ 47  29  82  50 107  47  11]
 [ 41  16  86  40  11 165  14]
 [  0   8  10  10   0  15 329]]
Time taken to execute code: 113.8902156110853econds
