[2. 2. 2. ... 6. 6. 6.]
(10435, 5508) (10435,)
(1303, 5508) (1303,)
(1303, 5508) (1303,)
(10435, 153, 36) (10435,)
(1303, 153, 36) (1303,)
(1303, 153, 36) (1303,)
(10435, 36, 153) (10435,)
(1303, 36, 153) (1303,)
(1303, 36, 153) (1303,)
Train on 10435 samples, validate on 1303 samples
10435/10435 - 34s - loss: 1.2681 - categorical_accuracy: 0.5080 - val_loss: 1.1155 - val_categorical_accuracy: 0.5480
1303/1303 - 1s
Confusion matrix, without normalization
[[135   0   4   0   8  29  10]
 [ 39  58   0  32  18  31   8]
 [ 55   1  44   1  24  44  17]
 [ 12   6   0 131  10  17  10]
 [ 20   3   7  22  88  25  21]
 [ 29   9   6  17  13 102  11]
 [  0   0   0   0   4   0 182]]
Time taken to execute code: 61.30420728493482econds
