5.0    3726
6.0    3726
4.0    3726
3.0    3726
2.0    3726
1.0    3726
7.0    3726
Name: Emotion, dtype: int64
[7. 7. 7. ... 7. 7. 7.]
(20866, 62) (20866,)
(2608, 62) (2608,)
(2608, 62) (2608,)
5.0    3726
6.0    3726
4.0    3726
3.0    3726
2.0    3726
1.0    3726
7.0    3726
Name: Emotion, dtype: int64
[7. 7. 7. ... 7. 7. 7.]
(20866, 5508) (20866,)
(2608, 5508) (2608,)
(2608, 5508) (2608,)
(20866, 153, 36) (20866,)
(2608, 153, 36) (2608,)
(2608, 153, 36) (2608,)
(20866, 36, 153) (20866,)
(2608, 36, 153) (2608,)
(2608, 36, 153) (2608,)
Test accuracy: 66.53%
