[2. 2. 2. ... 6. 6. 6.]
(12202, 5652) (12202,)
(1525, 5652) (1525,)
(1525, 5652) (1525,)
(12202, 157, 36) (12202,)
(1525, 157, 36) (1525,)
(1525, 157, 36) (1525,)
(12202, 36, 157) (12202,)
(1525, 36, 157) (1525,)
(1525, 36, 157) (1525,)
Train on 12202 samples, validate on 1525 samples
12202/12202 - 39s - loss: 1.5182 - categorical_accuracy: 0.3796 - val_loss: 1.4580 - val_categorical_accuracy: 0.3941
1525/1525 - 1s
Confusion matrix, without normalization
[[162  24  33   4   2  29]
 [ 73  70   6  74   9  22]
 [ 72   3 116   3  11  49]
 [ 18  47   1 181   1   6]
 [ 58  23  53  60  17  43]
 [ 71  32  34  32   5  81]]
Time taken to execute code: 73.48871314991266econds
