[2. 2. 2. ... 6. 6. 6.]
(20868, 2235) (20868,)
(2607, 2235) (2607,)
(2607, 2235) (2607,)
(20868, 149, 15) (20868,)
(2607, 149, 15) (2607,)
(2607, 149, 15) (2607,)
(20868, 15, 149) (20868,)
(2607, 15, 149) (2607,)
(2607, 15, 149) (2607,)
Train on 20868 samples, validate on 2607 samples
20868/20868 - 23s - loss: 1.5011 - categorical_accuracy: 0.4146 - val_loss: 1.2708 - val_categorical_accuracy: 0.5052
2607/2607 - 1s
Confusion matrix, without normalization
[[211  12  63  21  12  38  15]
 [ 72  64  18 112   7  34  65]
 [ 62   5 223   7   2  57  17]
 [ 18  22   7 281   6  24  14]
 [ 63  29  72  84  71  32  22]
 [ 61  12  66  63   8 142  21]
 [  9   8   5  18   0  22 310]]
Time taken to execute code: 38.4440194638446econds
