[2. 2. 2. ... 6. 6. 6.]
(10435, 2235) (10435,)
(1303, 2235) (1303,)
(1303, 2235) (1303,)
(10435, 149, 15) (10435,)
(1303, 149, 15) (1303,)
(1303, 149, 15) (1303,)
(10435, 15, 149) (10435,)
(1303, 15, 149) (1303,)
(1303, 15, 149) (1303,)
Train on 10435 samples, validate on 1303 samples
10435/10435 - 15s - loss: 1.4186 - categorical_accuracy: 0.4530 - val_loss: 1.2166 - val_categorical_accuracy: 0.5173
1303/1303 - 1s
Confusion matrix, without normalization
[[136   2   7   1  17  12  11]
 [ 65  39   3  28  19   8  24]
 [ 40   2  59   2  49  26   8]
 [ 26   6   1 116  11  16  10]
 [ 34   5  14  23  79  15  16]
 [ 38   7  13  16  23  80  10]
 [  0   4   0   0   4   1 177]]
Time taken to execute code: 25.712881991639733econds
